{
  "camera_angle_x": 0.7577805419463166,
  "camera_angle_y": 1.2631105929688644,
  "fl_x": 1356.3527277715582,
  "fl_y": 1312.3726630667468,
  "k1": 0.05439912108999423,
  "k2": -0.03398600659224222,
  "k3": 0,
  "k4": 0,
  "p1": 0.00193096440819486,
  "p2": 0.0004592261791188771,
  "is_fisheye": false,
  "cx": 554.4177127295226,
  "cy": 946.4164909772625,
  "w": 1080.0,
  "h": 1920.0,
  "aabb_scale": 32,
  "frames": [
    {
      "file_path": "./images/0056.jpg",
      "sharpness": 194.5065961800188,
      "transform_matrix": [
        [
          0.39175188895297774,
          -0.015222603854799522,
          0.9199449602207446,
          3.5990249051718655
        ],
        [
          0.9200605766993349,
          0.011217486129757724,
          -0.39161550430061437,
          -1.4860815872618673
        ],
        [
          -0.004358062146050968,
          0.9998212041853833,
          0.018400189062148718,
          -0.0007156844898732019
        ],
        [
          0.0,
          0.0,
          0.0,
          1.0
        ]
      ]
    },
    {
      "file_path": "./images/0065.jpg",
      "sharpness": 220.44022953263942,
      "transform_matrix": [
        [
          0.4349831097906525,
          -0.01837397473612656,
          0.9002511267702712,
          3.425086692684651
        ],
        [
          0.9003654854033225,
          0.0216170440273601,
          -0.4345971653174546,
          -1.7096421208310244
        ],
        [
          -0.011475490907138388,
          0.9995974692153919,
          0.025946341717583463,
          0.054904383842384274
        ],
        [
          0.0,
          0.0,
          0.0,
          1.0
        ]
      ]
    },
    {
      "file_path": "./images/0073.jpg",
      "sharpness": 190.06528497886916,
      "transform_matrix": [
        [
          0.5032848905599139,
          -0.02310801944498454,
          0.8638115178517356,
          3.3255005388701213
        ],
        [
          0.8640938182415774,
          0.021320650245859652,
          -0.5028790144257299,
          -1.9274483436950742
        ],
        [
          -0.006796485206637603,
          0.9995056024416895,
          0.03069785787987094,
          0.05404157040227956
        ],
        [
          0.0,
          0.0,
          0.0,
          1.0
        ]
      ]
    },
    {
      "file_path": "./images/0072.jpg",
      "sharpness": 142.32680603676468,
      "transform_matrix": [
        [
          0.4901637044995296,
          -0.02388340848175179,
          0.871303119237206,
          3.3365068450053337
        ],
        [
          0.871616164967418,
          0.01914235238709785,
          -0.48981509910637416,
          -1.8955862927050187
        ],
        [
          -0.004980337251928898,
          0.9995314668114672,
          0.03020005126611004,
          0.05758371587197363
        ],
        [
          0.0,
          0.0,
          0.0,
          1.0
        ]
      ]
    },
    {
      "file_path": "./images/0053.jpg",
      "sharpness": 233.94719949748537,
      "transform_matrix": [
        [
          0.35736025095862606,
          -0.01683278742755747,
          0.9338149218684074,
          3.6709458934679455
        ],
        [
          0.9339141363668367,
          -0.004159378441161068,
          -0.3574731954499204,
          -1.4151805379070028
        ],
        [
          0.00990135996411213,
          0.9998496671201647,
          0.014233981609488602,
          -0.0034386509403152546
        ],
        [
          0.0,
          0.0,
          0.0,
          1.0
        ]
      ]
    },
    {
      "file_path": "./images/0074.jpg",
      "sharpness": 202.10812548132998,
      "transform_matrix": [
        [
          0.514780717441577,
          -0.017632799999103995,
          0.8571405353361956,
          3.3159154266393314
        ],
        [
          0.8572518144448635,
          0.023369035248592792,
          -0.5143668096043401,
          -1.9623595219417547
        ],
        [
          -0.010960820303338751,
          0.9995713944274527,
          0.02714567852416333,
          0.04791361203630235
        ],
        [
          0.0,
          0.0,
          0.0,
          1.0
        ]
      ]
    },
    {
      "file_path": "./images/0077.jpg",
      "sharpness": 199.24110135664358,
      "transform_matrix": [
        [
          0.5461616455815621,
          0.005448310130588294,
          0.837662087487702,
          3.2939796646895276
        ],
        [
          0.8372532677456952,
          0.02835686807136142,
          -0.546079530546922,
          -2.074652152452535
        ],
        [
          -0.026728683941655697,
          0.9995830150376728,
          0.010925818268866919,
          0.045630726521194626
        ],
        [
          0.0,
          0.0,
          0.0,
          1.0
        ]
      ]
    },
    {
      "file_path": "./images/0071.jpg",
      "sharpness": 155.30292564814454,
      "transform_matrix": [
        [
          0.4765741859572493,
          -0.020511264270179515,
          0.878894950104458,
          3.348357164607182
        ],
        [
          0.8790997684059224,
          0.019974154134042715,
          -0.47621909910805893,
          -1.8682488086822497
        ],
        [
          -0.007787327408706046,
          0.9995900765846815,
          0.027550613916243458,
          0.056982333981046365
        ],
        [
          0.0,
          0.0,
          0.0,
          1.0
        ]
      ]
    },
    {
      "file_path": "./images/0050.jpg",
      "sharpness": 267.47567699679496,
      "transform_matrix": [
        [
          0.3337574693899966,
          -0.01143596984326905,
          0.942589608590092,
          3.742811524373587
        ],
        [
          0.942462334775688,
          -0.01637505024376191,
          -0.3339110738784826,
          -1.352832012542327
        ],
        [
          0.019253549171118503,
          0.9998005182660986,
          0.0053126755084196295,
          -0.0018191821250443754
        ],
        [
          0.0,
          0.0,
          0.0,
          1.0
        ]
      ]
    },
    {
      "file_path": "./images/0047.jpg",
      "sharpness": 326.4844854271133,
      "transform_matrix": [
        [
          0.3108914291209154,
          -0.005846542021078144,
          0.9504274497548165,
          3.8020970046305167
        ],
        [
          0.950170573935777,
          -0.02213543050380355,
          -0.31094356906515336,
          -1.2928304586848816
        ],
        [
          0.02285606540567839,
          0.9997378859804743,
          -0.0013265034358267945,
          -0.004261127812264053
        ],
        [
          0.0,
          0.0,
          0.0,
          1.0
        ]
      ]
    },
    {
      "file_path": "./images/0075.jpg",
      "sharpness": 171.34451533278263,
      "transform_matrix": [
        [
          0.5255058378446031,
          -0.009688758610615156,
          0.850734824930613,
          3.3082484666289647
        ],
        [
          0.8506550342853276,
          0.023793367019920426,
          -0.5251855751359623,
          -1.9994655469136058
        ],
        [
          -0.01515344966293243,
          0.9996699473547963,
          0.020745344559042485,
          0.04203547285590953
        ],
        [
          0.0,
          0.0,
          0.0,
          1.0
        ]
      ]
    },
    {
      "file_path": "./images/0049.jpg",
      "sharpness": 282.7470986339137,
      "transform_matrix": [
        [
          0.3256603058398754,
          -0.009082654889739148,
          0.9454432138327115,
          3.7649039954608456
        ],
        [
          0.9452233743084544,
          -0.020477214109112747,
          -0.3257813014328444,
          -1.3325984937882738
        ],
        [
          0.022319002248104697,
          0.9997490630575175,
          0.0019165218930360778,
          -0.0014779143546266157
        ],
        [
          0.0,
          0.0,
          0.0,
          1.0
        ]
      ]
    },
    {
      "file_path": "./images/0048.jpg",
      "sharpness": 290.21339882269876,
      "transform_matrix": [
        [
          0.31800916649764305,
          -0.006541942228604111,
          0.9480650679237398,
          3.7842519343338745
        ],
        [
          0.9478012568083561,
          -0.02238285956265997,
          -0.31807512507316127,
          -1.3126238131892707
        ],
        [
          0.02330123636418538,
          0.9997280683223698,
          -0.0009174934471167228,
          -0.003423290541326206
        ],
        [
          0.0,
          0.0,
          0.0,
          1.0
        ]
      ]
    },
    {
      "file_path": "./images/0046.jpg",
      "sharpness": 306.2486897057384,
      "transform_matrix": [
        [
          0.30658101580375935,
          -0.0066976721268606565,
          0.951821003098119,
          3.8195587270072298
        ],
        [
          0.9515441623680421,
          -0.0229646338878583,
          -0.30665344063568906,
          -1.272635919529855
        ],
        [
          0.02391208506487392,
          0.9997138424471168,
          -0.0006673899711316945,
          -0.0032761736811633634
        ],
        [
          0.0,
          0.0,
          0.0,
          1.0
        ]
      ]
    },
    {
      "file_path": "./images/0043.jpg",
      "sharpness": 301.20613177427697,
      "transform_matrix": [
        [
          0.2897787323075283,
          -0.00912057212140527,
          0.9570502084364821,
          3.859044618412398
        ],
        [
          0.956750835196188,
          -0.024001606546181987,
          -0.2899168195096782,
          -1.2155302447756784
        ],
        [
          0.02561494980938034,
          0.999670314678435,
          0.001770959876324808,
          -0.0007825898941097223
        ],
        [
          0.0,
          0.0,
          0.0,
          1.0
        ]
      ]
    },
    {
      "file_path": "./images/0045.jpg",
      "sharpness": 325.7015040324395,
      "transform_matrix": [
        [
          0.30303742963167274,
          -0.008321570042775672,
          0.9529423212955471,
          3.8334981955914285
        ],
        [
          0.9526108978200225,
          -0.02513248641497457,
          -0.30315150582034084,
          -1.253819964883671
        ],
        [
          0.026472506433471533,
          0.9996494933728148,
          0.0003111342262738403,
          -0.0020098923227881535
        ],
        [
          0.0,
          0.0,
          0.0,
          1.0
        ]
      ]
    },
    {
      "file_path": "./images/0044.jpg",
      "sharpness": 302.72829705775905,
      "transform_matrix": [
        [
          0.29694472779802694,
          -0.009739090763132974,
          0.9548450024721064,
          3.845644114032013
        ],
        [
          0.9545017002254234,
          -0.02565727889792712,
          -0.29709966056247594,
          -1.2351982604821172
        ],
        [
          0.027392205092632658,
          0.9996233561459849,
          0.001677184993677048,
          0.0009208730711303901
        ],
        [
          0.0,
          0.0,
          0.0,
          1.0
        ]
      ]
    },
    {
      "file_path": "./images/0042.jpg",
      "sharpness": 299.16056230279713,
      "transform_matrix": [
        [
          0.28348663180603445,
          -0.00835597225693046,
          0.9589397829461478,
          3.870821017868656
        ],
        [
          0.9586731412506588,
          -0.022667744809801244,
          -0.28360532715349424,
          -1.1969839991444895
        ],
        [
          0.02410680053340174,
          0.9997081329442007,
          0.0015846435449855404,
          -0.0030381735282050035
        ],
        [
          0.0,
          0.0,
          0.0,
          1.0
        ]
      ]
    },
    {
      "file_path": "./images/0041.jpg",
      "sharpness": 310.9728963571053,
      "transform_matrix": [
        [
          0.2772530014924342,
          -0.008132800696080633,
          0.9607625256629069,
          3.8818097594315275
        ],
        [
          0.9605485909855833,
          -0.020388647396673714,
          -0.2773638538327461,
          -1.1787615374823084
        ],
        [
          0.02184439331119725,
          0.999759051277893,
          0.002159136562288066,
          -0.005100899972741615
        ],
        [
          0.0,
          0.0,
          0.0,
          1.0
        ]
      ]
    },
    {
      "file_path": "./images/0033.jpg",
      "sharpness": 237.41200685388804,
      "transform_matrix": [
        [
          0.2513829016373674,
          -0.0059740814099346826,
          0.9678692820404927,
          3.940005660262122
        ],
        [
          0.9678685185177246,
          -0.004747097668307734,
          -0.2514120043395714,
          -1.00056342313355
        ],
        [
          0.006096525793360522,
          0.9999708872846934,
          0.004588786137522514,
          0.001410005169576311
        ],
        [
          0.0,
          0.0,
          0.0,
          1.0
        ]
      ]
    },
    {
      "file_path": "./images/0034.jpg",
      "sharpness": 263.62727044243667,
      "transform_matrix": [
        [
          0.2538263904842834,
          -0.005161362881898964,
          0.9672360228138812,
          3.9354825614745996
        ],
        [
          0.9672345745897539,
          -0.004255187179872665,
          -0.2538487169560842,
          -1.0279616448439373
        ],
        [
          0.005425975669503451,
          0.9999776266082994,
          0.003912169828674751,
          -0.0021587284915283093
        ],
        [
          0.0,
          0.0,
          0.0,
          1.0
        ]
      ]
    },
    {
      "file_path": "./images/0032.jpg",
      "sharpness": 260.89374837273056,
      "transform_matrix": [
        [
          0.2478257156819217,
          -0.0057645051136597245,
          0.9687874819223418,
          3.944142019871451
        ],
        [
          0.9687657389939316,
          -0.007485705863012403,
          -0.24786469526595037,
          -0.9706151309948343
        ],
        [
          0.008680875436795379,
          0.999955366349133,
          0.0037293046434833917,
          0.004052982730262804
        ],
        [
          0.0,
          0.0,
          0.0,
          1.0
        ]
      ]
    },
    {
      "file_path": "./images/0031.jpg",
      "sharpness": 262.4875327298388,
      "transform_matrix": [
        [
          0.24310824921290894,
          -0.004420464870264914,
          0.9699890920298323,
          3.9483267741156993
        ],
        [
          0.9699230821550876,
          -0.01141663695852894,
          -0.243143733423958,
          -0.9413606413696223
        ],
        [
          0.01214882164946336,
          0.9999250571381785,
          0.0015120322886382068,
          0.006896720715236117
        ],
        [
          0.0,
          0.0,
          0.0,
          1.0
        ]
      ]
    },
    {
      "file_path": "./images/0035.jpg",
      "sharpness": 302.3780713536587,
      "transform_matrix": [
        [
          0.2576877665422212,
          -0.006188514115874131,
          0.9662084233070072,
          3.929914464942295
        ],
        [
          0.9662031947047359,
          -0.005549738561690859,
          -0.2577219178577306,
          -1.0526310268622416
        ],
        [
          0.006957119872090113,
          0.999965450751593,
          0.0045492623743775195,
          -0.001523563278362471
        ],
        [
          0.0,
          0.0,
          0.0,
          1.0
        ]
      ]
    },
    {
      "file_path": "./images/0037.jpg",
      "sharpness": 297.9363972423152,
      "transform_matrix": [
        [
          0.2633135681024693,
          -0.00829460767562656,
          0.9646746416997533,
          3.9175686110254397
        ],
        [
          0.9646238583401888,
          -0.011122348148273438,
          -0.26339534030154016,
          -1.0992150674862742
        ],
        [
          0.012914208226185012,
          0.9999037417957178,
          0.0050725112828812,
          -0.002564295726740906
        ],
        [
          0.0,
          0.0,
          0.0,
          1.0
        ]
      ]
    },
    {
      "file_path": "./images/0040.jpg",
      "sharpness": 306.43383918849383,
      "transform_matrix": [
        [
          0.2731375221727791,
          -0.00878902964985373,
          0.9619348454760449,
          3.892841479497531
        ],
        [
          0.9617752848199049,
          -0.017879853341513964,
          -0.27325558064582267,
          -1.1598071227824847
        ],
        [
          0.019600905361487717,
          0.9998015122033979,
          0.0035694126562647874,
          -0.005230363402327738
        ],
        [
          0.0,
          0.0,
          0.0,
          1.0
        ]
      ]
    },
    {
      "file_path": "./images/0015.jpg",
      "sharpness": 233.63903886878916,
      "transform_matrix": [
        [
          0.11012155136264844,
          -0.005559246168619526,
          0.993902580089927,
          3.9855983108105666
        ],
        [
          0.9916602119031064,
          -0.06675133428335542,
          -0.11024646706215283,
          -0.45908546225864494
        ],
        [
          0.06695721061829127,
          0.9977541551681566,
          -0.0018378772532151371,
          0.03674117383731868
        ],
        [
          0.0,
          0.0,
          0.0,
          1.0
        ]
      ]
    },
    {
      "file_path": "./images/0010.jpg",
      "sharpness": 318.6572333118552,
      "transform_matrix": [
        [
          0.07420930030285557,
          -0.013903496498219295,
          0.9971457629331723,
          4.001264794223034
        ],
        [
          0.9946338218988794,
          -0.07124740665447292,
          -0.07501578087208581,
          -0.37460676082918937
        ],
        [
          0.07208703131215059,
          0.9973617697866849,
          0.008541667663560026,
          0.04081629909194224
        ],
        [
          0.0,
          0.0,
          0.0,
          1.0
        ]
      ]
    },
    {
      "file_path": "./images/0009.jpg",
      "sharpness": 316.7902266333161,
      "transform_matrix": [
        [
          0.07125084150572138,
          -0.015510452457741764,
          0.9973378281460982,
          4.004393773094195
        ],
        [
          0.9947559580997685,
          -0.07244819548797611,
          -0.07219309382174754,
          -0.3581493675164521
        ],
        [
          0.07337507349058156,
          0.9972515654723152,
          0.010267120101072447,
          0.04389698542288913
        ],
        [
          0.0,
          0.0,
          0.0,
          1.0
        ]
      ]
    },
    {
      "file_path": "./images/0016.jpg",
      "sharpness": 230.03154706717197,
      "transform_matrix": [
        [
          0.11890039382198046,
          -0.005770626020231977,
          0.9928894179243759,
          3.9827520871006485
        ],
        [
          0.9907996672011988,
          -0.06441416366165487,
          -0.1190245142555577,
          -0.4793024740642527
        ],
        [
          0.06464298742311458,
          0.9979065664665195,
          -0.0019413350866959145,
          0.03607892262842765
        ],
        [
          0.0,
          0.0,
          0.0,
          1.0
        ]
      ]
    },
    {
      "file_path": "./images/0002.jpg",
      "sharpness": 302.6675577132279,
      "transform_matrix": [
        [
          0.06915697528384586,
          -0.01846378364838959,
          0.9974349108913668,
          4.026388319986557
        ],
        [
          0.9957582087666028,
          -0.05954455404770822,
          -0.07014296655541896,
          -0.2951782061802556
        ],
        [
          0.06068692151957749,
          0.998054875634872,
          0.014267542880209459,
          0.04920638012220979
        ],
        [
          0.0,
          0.0,
          0.0,
          1.0
        ]
      ]
    },
    {
      "file_path": "./images/0019.jpg",
      "sharpness": 211.12832077649898,
      "transform_matrix": [
        [
          0.1525401796570064,
          -0.008557406181499616,
          0.9882602209901735,
          3.9717047652872535
        ],
        [
          0.987246502691067,
          -0.044779725552618305,
          -0.1527714603703782,
          -0.5545736687227176
        ],
        [
          0.0455613489098401,
          0.99896023293261,
          0.0016175619440045072,
          0.026634271810643186
        ],
        [
          0.0,
          0.0,
          0.0,
          1.0
        ]
      ]
    },
    {
      "file_path": "./images/0018.jpg",
      "sharpness": 184.2169785594573,
      "transform_matrix": [
        [
          0.1402606978154511,
          -0.008940365859655746,
          0.9900742429275251,
          3.974427717845153
        ],
        [
          0.9886263651218843,
          -0.05354141141184065,
          -0.14053906022856041,
          -0.5260795401536821
        ],
        [
          0.05426644298486479,
          0.9985256066442261,
          0.0013289256760422566,
          0.03178686709630836
        ],
        [
          0.0,
          0.0,
          0.0,
          1.0
        ]
      ]
    },
    {
      "file_path": "./images/0006.jpg",
      "sharpness": 297.35253145985797,
      "transform_matrix": [
        [
          0.06636405045102829,
          -0.01887223726740119,
          0.9976169863580662,
          4.012993487112022
        ],
        [
          0.9951894394183648,
          -0.07096235057487352,
          -0.06754498109450996,
          -0.3167999846784588
        ],
        [
          0.07206797123482761,
          0.9973004479409922,
          0.014072102213040836,
          0.05130531174402148
        ],
        [
          0.0,
          0.0,
          0.0,
          1.0
        ]
      ]
    },
    {
      "file_path": "./images/0004.jpg",
      "sharpness": 297.5187350394039,
      "transform_matrix": [
        [
          0.06695945914242658,
          -0.018321179211930723,
          0.99758747246822,
          4.02089764226975
        ],
        [
          0.9955702941045224,
          -0.06491213433763614,
          -0.06801620624803988,
          -0.30097820030898753
        ],
        [
          0.06600166913038596,
          0.9977227817434614,
          0.013893540369334807,
          0.05002815055563687
        ],
        [
          0.0,
          0.0,
          0.0,
          1.0
        ]
      ]
    },
    {
      "file_path": "./images/0014.jpg",
      "sharpness": 235.77305988488195,
      "transform_matrix": [
        [
          0.10166594674423124,
          -0.005958522985140016,
          0.994800749536473,
          3.9892546432872265
        ],
        [
          0.9924631577860783,
          -0.06816483580014486,
          -0.10183533570246406,
          -0.43974795526011495
        ],
        [
          0.06841721793449727,
          0.9976562790691329,
          -0.0010164280287138716,
          0.03633189208028721
        ],
        [
          0.0,
          0.0,
          0.0,
          1.0
        ]
      ]
    },
    {
      "file_path": "./images/0025.jpg",
      "sharpness": 274.73678523609004,
      "transform_matrix": [
        [
          0.21326089611774035,
          -0.0007294525345409463,
          0.9769950143618705,
          3.9571577307614443
        ],
        [
          0.9767542164285135,
          -0.022054142062774826,
          -0.21322480040324568,
          -0.7496667073097176
        ],
        [
          0.021702324212440543,
          0.9997565117161159,
          -0.003990790260618043,
          0.007924656580674249
        ],
        [
          0.0,
          0.0,
          0.0,
          1.0
        ]
      ]
    },
    {
      "file_path": "./images/0023.jpg",
      "sharpness": 293.3744714472684,
      "transform_matrix": [
        [
          0.1920003782444073,
          -0.004340208344054467,
          0.9813852542948811,
          3.9622477282482875
        ],
        [
          0.9811586805879003,
          -0.0210880239259493,
          -0.19204931333883377,
          -0.6778882919203668
        ],
        [
          0.021529009755367423,
          0.9997682020550211,
          0.00020952452211963114,
          0.015512398441156532
        ],
        [
          0.0,
          0.0,
          0.0,
          1.0
        ]
      ]
    },
    {
      "file_path": "./images/0024.jpg",
      "sharpness": 300.11269386533075,
      "transform_matrix": [
        [
          0.20242363005038538,
          -0.003439640211032599,
          0.9792920110336532,
          3.9589575081263817
        ],
        [
          0.9790663394046573,
          -0.021041410217127108,
          -0.20245088812066803,
          -0.7134129328948151
        ],
        [
          0.021302043142053566,
          0.9997726881312541,
          -0.0008916426872454499,
          0.012501356026270893
        ],
        [
          0.0,
          0.0,
          0.0,
          1.0
        ]
      ]
    },
    {
      "file_path": "./images/0012.jpg",
      "sharpness": 244.3162421922294,
      "transform_matrix": [
        [
          0.08446467306289376,
          -0.009592145722596281,
          0.9963803037729663,
          3.9938625100779905
        ],
        [
          0.9938443644043132,
          -0.07113027098958738,
          -0.08493446821369299,
          -0.40740185643802646
        ],
        [
          0.07168750481203545,
          0.9974209117976606,
          0.003525104884936648,
          0.03516261414950649
        ],
        [
          0.0,
          0.0,
          0.0,
          1.0
        ]
      ]
    },
    {
      "file_path": "./images/0027.jpg",
      "sharpness": 315.5006903141466,
      "transform_matrix": [
        [
          0.22756862783647772,
          0.00340455093197513,
          0.9737560930024867,
          3.957488545887765
        ],
        [
          0.9736055673822586,
          -0.018721959974014508,
          -0.22746799198350942,
          -0.8158966373481193
        ],
        [
          0.017456196233543317,
          0.9998189322320238,
          -0.00757522048350345,
          0.006113823834835545
        ],
        [
          0.0,
          0.0,
          0.0,
          1.0
        ]
      ]
    },
    {
      "file_path": "./images/0079.jpg",
      "sharpness": 220.63689318915644,
      "transform_matrix": [
        [
          0.567214102858165,
          0.019066029191630623,
          0.8233496511516627,
          3.278728341400202
        ],
        [
          0.8224266577212311,
          0.039556158350003555,
          -0.5674942316941052,
          -2.1593256113993724
        ],
        [
          -0.0433884107659372,
          0.9990354332401589,
          0.006756400206924511,
          0.0445744794043604
        ],
        [
          0.0,
          0.0,
          0.0,
          1.0
        ]
      ]
    },
    {
      "file_path": "./images/0060.jpg",
      "sharpness": 240.78642649967233,
      "transform_matrix": [
        [
          0.4255504129286835,
          -0.013366335569607616,
          0.904836000130168,
          3.509681033345574
        ],
        [
          0.9047880496759291,
          0.024286183285244012,
          -0.425169103375436,
          -1.5845378490057285
        ],
        [
          -0.016292060032703084,
          0.9996156873402782,
          0.02242869601683651,
          0.025867736553116766
        ],
        [
          0.0,
          0.0,
          0.0,
          1.0
        ]
      ]
    },
    {
      "file_path": "./images/0005.jpg",
      "sharpness": 299.65968988959366,
      "transform_matrix": [
        [
          0.06652446527203576,
          -0.018627865710646275,
          0.9976108951596455,
          4.017219486638719
        ],
        [
          0.9953769071424975,
          -0.06817977981226017,
          -0.06764857982393725,
          -0.30824696356700015
        ],
        [
          0.06927703983077264,
          0.9974991329548664,
          0.014006123963353058,
          0.050759055492161406
        ],
        [
          0.0,
          0.0,
          0.0,
          1.0
        ]
      ]
    },
    {
      "file_path": "./images/0069.jpg",
      "sharpness": 254.35417628701208,
      "transform_matrix": [
        [
          0.4563381722085942,
          -0.02021414783547284,
          0.8895767874750884,
          3.3706715418637967
        ],
        [
          0.8897376285231804,
          0.022797655839388996,
          -0.45590264232419625,
          -1.8177234329949017
        ],
        [
          -0.011064582033042386,
          0.9995357197806467,
          0.028388728554137887,
          0.05504387477979235
        ],
        [
          0.0,
          0.0,
          0.0,
          1.0
        ]
      ]
    },
    {
      "file_path": "./images/0007.jpg",
      "sharpness": 307.37195813752936,
      "transform_matrix": [
        [
          0.0667692221025108,
          -0.017873046795611507,
          0.9976083526013408,
          4.010464204109564
        ],
        [
          0.9950272474667414,
          -0.07287039172661801,
          -0.0679020088685004,
          -0.3268177497603308
        ],
        [
          0.0739097272258285,
          0.9971812574500899,
          0.01291866918698999,
          0.04872320951042433
        ],
        [
          0.0,
          0.0,
          0.0,
          1.0
        ]
      ]
    },
    {
      "file_path": "./images/0080.jpg",
      "sharpness": 247.1252215288486,
      "transform_matrix": [
        [
          0.5779106327214218,
          0.024817413364978096,
          0.8157226223314461,
          3.270419657940993
        ],
        [
          0.8145136254232713,
          0.04475338628642195,
          -0.5784156709631453,
          -2.2063985354757665
        ],
        [
          -0.05086113042284586,
          0.9986897568372612,
          0.005649336451675999,
          0.04359022569979002
        ],
        [
          0.0,
          0.0,
          0.0,
          1.0
        ]
      ]
    },
    {
      "file_path": "./images/0028.jpg",
      "sharpness": 275.1893450467249,
      "transform_matrix": [
        [
          0.23324501537373743,
          0.0021823512514305143,
          0.9724155491086175,
          3.9570816897550265
        ],
        [
          0.9722862174063756,
          -0.0169859886895788,
          -0.23317587274383222,
          -0.8484428435231274
        ],
        [
          0.016008567861043616,
          0.999853346012881,
          -0.006083767236344448,
          0.0077947691839818645
        ],
        [
          0.0,
          0.0,
          0.0,
          1.0
        ]
      ]
    },
    {
      "file_path": "./images/0068.jpg",
      "sharpness": 239.14796049096904,
      "transform_matrix": [
        [
          0.4467341737617639,
          -0.021970233415046645,
          0.8943969403117255,
          3.3816596550118034
        ],
        [
          0.8945894409066708,
          0.024110648908493414,
          -0.44623806295239954,
          -1.7903975167692208
        ],
        [
          -0.011760536210944288,
          0.9994678511361937,
          0.030425389646351348,
          0.057141741985235646
        ],
        [
          0.0,
          0.0,
          0.0,
          1.0
        ]
      ]
    },
    {
      "file_path": "./images/0036.jpg",
      "sharpness": 278.4909087506273,
      "transform_matrix": [
        [
          0.2607464641719541,
          -0.00750334990084661,
          0.9653781544886868,
          3.924653837707796
        ],
        [
          0.9653563936085695,
          -0.008243889031406248,
          -0.26080466179250544,
          -1.0767885239641855
        ],
        [
          0.009915379012149618,
          0.999937867087653,
          0.0050938418842993004,
          -0.0014941468020151375
        ],
        [
          0.0,
          0.0,
          0.0,
          1.0
        ]
      ]
    },
    {
      "file_path": "./images/0063.jpg",
      "sharpness": 173.32153980706173,
      "transform_matrix": [
        [
          0.4325072282752518,
          -0.008974125368960818,
          0.9015858043278049,
          3.457034163505612
        ],
        [
          0.9014118792026086,
          0.02632114233514162,
          -0.43216180013810057,
          -1.6606048959767812
        ],
        [
          -0.01985249410894022,
          0.9996132564856952,
          0.0194734675294452,
          0.03690791577140927
        ],
        [
          0.0,
          0.0,
          0.0,
          1.0
        ]
      ]
    },
    {
      "file_path": "./images/0013.jpg",
      "sharpness": 209.4314972749349,
      "transform_matrix": [
        [
          0.09317835045269672,
          -0.007110512222687545,
          0.9956240433139102,
          3.9913451376424014
        ],
        [
          0.993137526934886,
          -0.07032316417631404,
          -0.09344787410047305,
          -0.42274487232900837
        ],
        [
          0.07067989530682528,
          0.9974989188956821,
          0.0005091200875170033,
          0.03496683597587215
        ],
        [
          0.0,
          0.0,
          0.0,
          1.0
        ]
      ]
    },
    {
      "file_path": "./images/0062.jpg",
      "sharpness": 212.86716913413517,
      "transform_matrix": [
        [
          0.43163685402977825,
          -0.008619940580830635,
          0.9020062765133912,
          3.4729597560915644
        ],
        [
          0.9018208393052416,
          0.026536996274329937,
          -0.43129451842509414,
          -1.6348453982428566
        ],
        [
          -0.02021880407759583,
          0.9996106664371983,
          0.019227987636617646,
          0.030670511143331577
        ],
        [
          0.0,
          0.0,
          0.0,
          1.0
        ]
      ]
    },
    {
      "file_path": "./images/0026.jpg",
      "sharpness": 295.05232107190886,
      "transform_matrix": [
        [
          0.22090663606711042,
          0.0024396782888724084,
          0.9752919081553243,
          3.9580671797141695
        ],
        [
          0.9750838800169087,
          -0.021356395588798534,
          -0.22080609434214965,
          -0.7836324433283506
        ],
        [
          0.02029002397070203,
          0.9997689494774293,
          -0.007096660479946748,
          0.004314704034932768
        ],
        [
          0.0,
          0.0,
          0.0,
          1.0
        ]
      ]
    },
    {
      "file_path": "./images/0066.jpg",
      "sharpness": 181.53170909176472,
      "transform_matrix": [
        [
          0.4377364552143544,
          -0.023476864784984806,
          0.8987967693523007,
          3.4111629305081577
        ],
        [
          0.8990484859378016,
          0.022470399584861942,
          -0.43727211330640764,
          -1.7340514949072603
        ],
        [
          -0.009930544274590098,
          0.9994718194948097,
          0.030942952801034585,
          0.06142004111793825
        ],
        [
          0.0,
          0.0,
          0.0,
          1.0
        ]
      ]
    },
    {
      "file_path": "./images/0003.jpg",
      "sharpness": 298.6562287753484,
      "transform_matrix": [
        [
          0.06768340266670306,
          -0.018371865692480716,
          0.9975376842788085,
          4.0238244795142775
        ],
        [
          0.9957351235474474,
          -0.06158344240107025,
          -0.06869529355052069,
          -0.2963629969186642
        ],
        [
          0.06269386522949671,
          0.9979328405132812,
          0.014125335025465976,
          0.049875999033240234
        ],
        [
          0.0,
          0.0,
          0.0,
          1.0
        ]
      ]
    },
    {
      "file_path": "./images/0067.jpg",
      "sharpness": 187.78384353298514,
      "transform_matrix": [
        [
          0.4397906586044172,
          -0.023171105659443532,
          0.8978013569095924,
          3.397524388374223
        ],
        [
          0.898027198542433,
          0.024101542684969574,
          -0.43927925778283994,
          -1.761517568618931
        ],
        [
          -0.011459811630092031,
          0.9994409514846909,
          0.031407916433285964,
          0.0617296884051607
        ],
        [
          0.0,
          0.0,
          0.0,
          1.0
        ]
      ]
    },
    {
      "file_path": "./images/0029.jpg",
      "sharpness": 218.0855275647743,
      "transform_matrix": [
        [
          0.23635419745318434,
          0.00033456288206521704,
          0.9716669086759272,
          3.9552614412460616
        ],
        [
          0.9715399349771917,
          -0.016250901438489732,
          -0.23631771610896843,
          -0.880484858966056
        ],
        [
          0.01571140002774999,
          0.9998678894094039,
          -0.004166009968072527,
          0.007378019216359032
        ],
        [
          0.0,
          0.0,
          0.0,
          1.0
        ]
      ]
    },
    {
      "file_path": "./images/0096.jpg",
      "sharpness": 192.29617090995794,
      "transform_matrix": [
        [
          0.6592402043517127,
          0.04563599466375249,
          0.750546273696203,
          3.0851290432122838
        ],
        [
          0.748485773100401,
          0.05563359412031566,
          -0.6608130981386183,
          -2.8228173687250626
        ],
        [
          -0.07191244977972171,
          0.997407769770319,
          0.0025180092095925376,
          0.047735080235790296
        ],
        [
          0.0,
          0.0,
          0.0,
          1.0
        ]
      ]
    },
    {
      "file_path": "./images/0011.jpg",
      "sharpness": 318.1104364234425,
      "transform_matrix": [
        [
          0.07784294649619371,
          -0.012353127401934037,
          0.9968890991108669,
          3.9970043548999574
        ],
        [
          0.9943703588333883,
          -0.07114050308826915,
          -0.07852781859898185,
          -0.39191479430961834
        ],
        [
          0.07188925618170766,
          0.9973898079816294,
          0.006745797351763205,
          0.03804332375676107
        ],
        [
          0.0,
          0.0,
          0.0,
          1.0
        ]
      ]
    },
    {
      "file_path": "./images/0095.jpg",
      "sharpness": 212.70639708643577,
      "transform_matrix": [
        [
          0.6555711474102341,
          0.04026995671282238,
          0.7540588844854691,
          3.0960577481394336
        ],
        [
          0.7518712048722938,
          0.057910035251135424,
          -0.6567618435179573,
          -2.797220250616792
        ],
        [
          -0.07011534759108698,
          0.9975092773530754,
          0.007686327382329024,
          0.047910861875472735
        ],
        [
          0.0,
          0.0,
          0.0,
          1.0
        ]
      ]
    },
    {
      "file_path": "./images/0017.jpg",
      "sharpness": 211.01903788112833,
      "transform_matrix": [
        [
          0.12877109696739683,
          -0.007443274504078752,
          0.9916464098923384,
          3.978796113658628
        ],
        [
          0.9898208614149309,
          -0.060144883404861633,
          -0.12898548487340808,
          -0.5013898637531436
        ],
        [
          0.0606025320727788,
          0.9981619060386783,
          -0.0003774142316452594,
          0.03500288904427046
        ],
